# blastn
# Iteration: 0
# Query: MN908947.3 Severe acute respiratory syndrome coronavirus 2 isolate Wuhan-Hu-1, complete genome
# RID: 54V5DXD5016
# Database: nt_v5
# Fields: query acc.ver, subject acc.ver, % identity, alignment length, mismatches, gap opens, q. start, q. end, s. start, s. end, evalue, bit score
# 251 hits found
MN908947.3	NC_045512.2	100.000	29903	0	0	1	29903	1	29903	0.0	55221
MN908947.3	MT019531.1	99.997	29899	1	0	1	29899	1	29899	0.0	55208
MN908947.3	MN996528.1	100.000	29891	0	0	1	29891	1	29891	0.0	55199
MN908947.3	MT019532.1	100.000	29890	0	0	1	29890	1	29890	0.0	55197
MN908947.3	MT019529.1	99.990	29899	3	0	1	29899	1	29899	0.0	55197
MN908947.3	MT049951.1	99.983	29903	5	0	1	29903	1	29903	0.0	55193
MN908947.3	MN988668.1	100.000	29881	0	0	2	29882	1	29881	0.0	55180
MN908947.3	MT019533.1	99.997	29883	1	0	1	29883	1	29883	0.0	55179
MN908947.3	MN994468.1	99.993	29883	2	0	1	29883	1	29883	0.0	55173
MN908947.3	MT039890.1	99.970	29903	9	0	1	29903	1	29903	0.0	55171
MN908947.3	MT027064.1	99.993	29882	2	0	1	29882	1	29882	0.0	55171
MN908947.3	MN975262.1	99.983	29891	5	0	1	29891	1	29891	0.0	55171
MN908947.3	MT027062.1	99.990	29882	3	0	1	29882	1	29882	0.0	55166
MN908947.3	MN985325.1	99.990	29882	3	0	1	29882	1	29882	0.0	55166
MN908947.3	MT019530.1	99.980	29889	6	0	1	29889	1	29889	0.0	55162
MN908947.3	MN997409.1	99.987	29882	4	0	1	29882	1	29882	0.0	55160
MN908947.3	MT039888.1	99.983	29882	5	0	1	29882	1	29882	0.0	55156
MN908947.3	MT039887.1	99.987	29882	1	1	1	29882	1	29879	0.0	55156
MN908947.3	LR757996.1	100.000	29868	0	0	21	29888	1	29868	0.0	55156
MN908947.3	LC522974.1	99.987	29878	4	0	4	29881	1	29878	0.0	55153
MN908947.3	LC522972.1	99.987	29878	4	0	4	29881	1	29878	0.0	55153
MN908947.3	MN988713.1	99.973	29882	8	0	1	29882	1	29882	0.0	55153
MN908947.3	LR757995.1	99.993	29871	2	0	17	29887	2	29872	0.0	55151
MN908947.3	MT066176.1	99.993	29870	2	0	1	29870	1	29870	0.0	55149
MN908947.3	MT066175.1	99.993	29870	2	0	1	29870	1	29870	0.0	55149
MN908947.3	LC522975.1	99.983	29878	5	0	4	29881	1	29878	0.0	55147
MN908947.3	LC522973.1	99.983	29878	5	0	4	29881	1	29878	0.0	55147
MN908947.3	MT044257.1	99.977	29882	7	0	1	29882	1	29882	0.0	55143
MN908947.3	MN994467.1	99.977	29882	7	0	1	29882	1	29882	0.0	55143
MN908947.3	LR757998.1	99.993	29866	2	0	26	29891	1	29866	0.0	55142
MN908947.3	MT007544.1	99.957	29903	3	1	1	29903	1	29893	0.0	55140
MN908947.3	MN996530.1	100.000	29854	0	0	15	29868	1	29854	0.0	55130
MN908947.3	MN996531.1	99.993	29857	2	0	14	29870	1	29857	0.0	55125
MN908947.3	MN996529.1	99.993	29852	2	0	13	29864	1	29852	0.0	55116
MN908947.3	MT039873.1	100.000	29833	0	0	4	29836	1	29833	0.0	55092
MN908947.3	MN938384.1	99.990	29838	3	0	33	29870	1	29838	0.0	55084
MN908947.3	MN996527.1	99.993	29825	2	0	34	29858	1	29825	0.0	55066
MN908947.3	MT044258.1	99.920	29882	0	2	1	29882	1	29858	0.0	55027
MN908947.3	LC521925.1	99.913	29872	2	1	4	29875	1	29848	0.0	54998
MN908947.3	MN996532.1	96.117	29877	1136	7	16	29890	1	29855	0.0	48724
MN908947.3	MT020781.1	99.847	21614	33	0	13	21626	1	21614	0.0	39792
MN908947.3	MT020781.1	100.000	4099	0	0	21708	25806	21696	25794	0.0	7570
MN908947.3	MT020781.1	100.000	4004	0	0	25856	29859	25844	29847	0.0	7395
MN908947.3	MG772933.1	89.116	21729	2278	68	6	21696	6	21685	0.0	26943
MN908947.3	MG772933.1	88.907	6833	728	25	23075	29899	22992	29802	0.0	8392
MN908947.3	MG772934.1	88.655	18272	2036	34	3329	21581	3247	21500	0.0	22223
MN908947.3	MG772934.1	89.000	6827	715	28	23084	29899	22931	29732	0.0	8414
MN908947.3	MG772934.1	92.726	3217	227	6	6	3219	6	3218	0.0	4638
MN908947.3	AY395003.1	82.344	17716	2941	169	3956	21577	3832	21454	0.0	15213
MN908947.3	AY395003.1	80.100	5417	986	68	22539	27910	22378	27747	0.0	3947
MN908947.3	AY395003.1	90.079	1653	145	12	28257	29894	27999	29647	0.0	2126
MN908947.3	AY395003.1	79.173	1887	359	28	55	1923	1	1871	0.0	1277
MN908947.3	AY394996.1	82.344	17716	2941	169	3956	21577	3868	21490	0.0	15213
MN908947.3	AY394996.1	80.100	5417	986	68	22539	27910	22414	27783	0.0	3947
MN908947.3	AY394996.1	90.079	1653	145	12	28257	29894	28035	29683	0.0	2126
MN908947.3	AY394996.1	79.283	1926	362	31	16	1923	1	1907	0.0	1312
MN908947.3	AY304488.1	82.332	17716	2943	169	3956	21577	3868	21490	0.0	15202
MN908947.3	AY304488.1	80.059	5416	990	67	22539	27910	22414	27783	0.0	3936
MN908947.3	AY304488.1	89.994	1619	143	12	28257	29860	28117	29731	0.0	2074
MN908947.3	AY304488.1	79.335	1926	361	31	16	1923	1	1907	0.0	1317
MN908947.3	AY304486.1	82.332	17716	2943	169	3956	21577	3868	21490	0.0	15202
MN908947.3	AY304486.1	80.022	5416	992	67	22539	27910	22414	27783	0.0	3925
MN908947.3	AY304486.1	89.957	1633	145	12	28250	29867	28110	29738	0.0	2089
MN908947.3	AY304486.1	79.283	1926	362	31	16	1923	1	1907	0.0	1312
MN908947.3	AY390556.1	82.321	17716	2945	169	3956	21577	3883	21505	0.0	15191
MN908947.3	AY390556.1	80.100	5417	986	68	22539	27910	22429	27798	0.0	3947
MN908947.3	AY390556.1	90.018	1633	144	12	28257	29874	28132	29760	0.0	2095
MN908947.3	AY390556.1	79.257	1938	361	34	6	1923	6	1922	0.0	1314
MN908947.3	EU371564.1	82.315	17716	2946	169	3956	21577	3883	21505	0.0	15186
MN908947.3	EU371564.1	79.922	5379	994	62	22539	27878	22429	27760	0.0	3871
MN908947.3	EU371564.1	89.957	1633	145	12	28257	29874	27884	29512	0.0	2089
MN908947.3	EU371564.1	79.463	1938	357	36	6	1923	6	1922	0.0	1336
MN908947.3	AY278554.2	82.315	17716	2946	169	3956	21577	3868	21490	0.0	15186
MN908947.3	AY278554.2	80.081	5417	987	68	22539	27910	22414	27783	0.0	3941
MN908947.3	AY278554.2	90.200	1653	143	12	28257	29894	28088	29736	0.0	2137
MN908947.3	AY278554.2	79.305	1928	358	35	16	1923	1	1907	0.0	1312
MN908947.3	AY559093.1	82.310	17716	2947	169	3956	21577	3867	21489	0.0	15180
MN908947.3	AY559093.1	80.044	5417	989	68	22539	27910	22413	27782	0.0	3930
MN908947.3	AY559093.1	90.061	1630	143	12	28257	29871	28087	29712	0.0	2095
MN908947.3	AY559093.1	79.221	1925	359	35	19	1923	3	1906	0.0	1301
MN908947.3	MK211376.1	82.317	17701	2945	167	3956	21562	3882	21491	0.0	15176
MN908947.3	MK211376.1	79.524	5079	946	77	22346	27386	22238	27260	0.0	3531
MN908947.3	MK211376.1	85.743	2483	309	32	27385	29836	27788	30256	0.0	2582
MN908947.3	MK211376.1	77.738	2237	449	42	6	2218	5	2216	0.0	1327
MN908947.3	KY417146.1	82.304	17716	2949	169	3956	21577	3883	21506	0.0	15176
MN908947.3	KY417146.1	81.339	7620	1268	119	22346	29885	22237	29782	0.0	6052
MN908947.3	KY417146.1	77.559	2237	453	42	6	2218	6	2217	0.0	1304
MN908947.3	JX163927.1	82.304	17716	2948	169	3956	21577	3843	21465	0.0	15175
MN908947.3	JX163927.1	80.007	5417	991	68	22539	27910	22389	27758	0.0	3927
MN908947.3	JX163927.1	89.798	1588	143	12	28257	29829	28063	29646	0.0	2017
MN908947.3	JX163927.1	79.316	1900	355	32	44	1923	1	1882	0.0	1297
MN908947.3	JX163926.1	82.304	17716	2948	169	3956	21577	3843	21465	0.0	15175
MN908947.3	JX163926.1	80.044	5417	989	68	22539	27910	22389	27758	0.0	3934
MN908947.3	JX163926.1	89.798	1588	143	12	28257	29829	28063	29646	0.0	2017
MN908947.3	JX163926.1	79.316	1900	355	32	44	1923	1	1882	0.0	1297
MN908947.3	JX163923.1	82.304	17716	2948	169	3956	21577	3843	21465	0.0	15175
MN908947.3	JX163923.1	80.007	5417	991	68	22539	27910	22389	27758	0.0	3927
MN908947.3	JX163923.1	89.798	1588	143	12	28257	29829	28063	29646	0.0	2017
MN908947.3	JX163923.1	79.316	1900	355	32	44	1923	1	1882	0.0	1297
MN908947.3	JQ316196.1	82.304	17716	2948	169	3956	21577	3883	21505	0.0	15175
MN908947.3	JQ316196.1	80.063	5417	988	68	22539	27910	22429	27798	0.0	3936
MN908947.3	JQ316196.1	90.055	1629	143	12	28257	29870	28103	29727	0.0	2093
MN908947.3	JQ316196.1	79.360	1938	359	35	6	1923	6	1922	0.0	1325
MN908947.3	FJ882963.1	82.304	17716	2948	169	3956	21577	3864	21486	0.0	15175
MN908947.3	FJ882963.1	80.015	5419	987	71	22539	27910	22410	27779	0.0	3919
MN908947.3	FJ882963.1	89.894	1603	143	12	28257	29844	28084	29682	0.0	2045
MN908947.3	FJ882963.1	79.314	1924	357	35	20	1923	1	1903	0.0	1310
MN908947.3	AY394991.1	82.304	17716	2948	169	3956	21577	3868	21490	0.0	15175
MN908947.3	AY394991.1	80.081	5417	987	68	22539	27910	22414	27783	0.0	3941
MN908947.3	AY394991.1	90.200	1653	143	12	28257	29894	28088	29736	0.0	2137
MN908947.3	AY394991.1	79.305	1928	358	35	16	1923	1	1907	0.0	1312
MN908947.3	AY394987.1	82.304	17716	2948	169	3956	21577	3841	21463	0.0	15175
MN908947.3	AY394987.1	80.081	5417	987	68	22539	27910	22387	27756	0.0	3941
MN908947.3	AY394987.1	90.200	1653	143	12	28257	29894	28061	29709	0.0	2137
MN908947.3	AY394987.1	79.294	1898	355	32	46	1923	1	1880	0.0	1293
MN908947.3	JX163925.1	82.298	17716	2949	169	3956	21577	3843	21465	0.0	15173
MN908947.3	JX163925.1	80.007	5417	991	68	22539	27910	22389	27758	0.0	3927
MN908947.3	JX163925.1	89.798	1588	143	12	28257	29829	28063	29646	0.0	2017
MN908947.3	JX163925.1	79.316	1900	355	32	44	1923	1	1882	0.0	1297
MN908947.3	JX163928.1	82.298	17716	2949	169	3956	21577	3843	21465	0.0	15171
MN908947.3	JX163928.1	80.063	5417	988	68	22539	27910	22389	27758	0.0	3938
MN908947.3	JX163928.1	89.798	1588	143	12	28257	29829	28063	29646	0.0	2017
MN908947.3	JX163928.1	79.316	1900	355	32	44	1923	1	1882	0.0	1297
MN908947.3	JX163924.1	82.298	17716	2949	168	3956	21577	3843	21465	0.0	15169
MN908947.3	JX163924.1	80.063	5417	988	68	22539	27910	22389	27758	0.0	3936
MN908947.3	JX163924.1	89.798	1588	143	12	28257	29829	28063	29646	0.0	2017
MN908947.3	JX163924.1	79.316	1900	355	32	44	1923	1	1882	0.0	1297
MN908947.3	EU371563.1	82.300	17718	2945	172	3956	21577	3883	21505	0.0	15169
MN908947.3	EU371563.1	79.952	5417	994	68	22539	27910	22429	27798	0.0	3903
MN908947.3	EU371563.1	90.018	1633	144	12	28257	29874	27974	29602	0.0	2095
MN908947.3	EU371563.1	79.463	1938	357	36	6	1923	6	1922	0.0	1336
MN908947.3	EU371561.1	82.300	17718	2945	172	3956	21577	3883	21505	0.0	15169
MN908947.3	EU371561.1	79.970	5417	993	68	22539	27910	22429	27798	0.0	3908
MN908947.3	EU371561.1	90.018	1633	144	12	28257	29874	27974	29602	0.0	2095
MN908947.3	EU371561.1	79.463	1938	357	36	6	1923	6	1922	0.0	1336
MN908947.3	EU371560.1	82.300	17718	2945	172	3956	21577	3883	21505	0.0	15169
MN908947.3	EU371560.1	79.970	5417	993	68	22539	27910	22429	27798	0.0	3908
MN908947.3	EU371560.1	90.018	1633	144	12	28257	29874	28103	29731	0.0	2095
MN908947.3	EU371560.1	79.463	1938	357	36	6	1923	6	1922	0.0	1336
MN908947.3	KJ473816.1	82.289	17723	2949	170	3956	21582	3648	21276	0.0	15163
MN908947.3	KJ473816.1	81.478	4886	817	66	23070	27910	22656	27498	0.0	3928
MN908947.3	KJ473816.1	88.661	1314	132	10	28257	29556	27832	29142	0.0	1585
MN908947.3	KJ473816.1	77.523	1704	349	29	237	1923	1	1687	0.0	994
MN908947.3	MK211377.1	82.292	17704	2944	174	3956	21562	3881	21490	0.0	15149
MN908947.3	MK211377.1	82.659	6822	1056	97	23084	29836	22926	29689	0.0	5927
MN908947.3	MK211377.1	77.738	2237	449	42	6	2218	4	2215	0.0	1327
MN908947.3	KY417145.1	82.261	17718	2955	171	3956	21578	3883	21507	0.0	15134
MN908947.3	KY417145.1	81.145	4890	826	75	23070	27910	22894	27736	0.0	3834
MN908947.3	KY417145.1	89.787	1645	149	12	28257	29886	28070	29710	0.0	2089
MN908947.3	KY417145.1	79.236	1936	365	31	6	1923	6	1922	0.0	1314
MN908947.3	MK211375.1	82.257	17703	2953	169	3956	21562	3884	21494	0.0	15117
MN908947.3	MK211375.1	82.766	6818	1051	94	23087	29837	22937	29697	0.0	5967
MN908947.3	MK211375.1	77.187	2275	471	42	6	2256	6	2256	0.0	1282
MN908947.3	KF294455.1	82.354	17556	2911	172	4095	21555	4016	21479	0.0	15084
MN908947.3	KF294455.1	78.671	1941	367	38	6	1923	6	1922	0.0	1247
MN908947.3	JX993988.1	82.178	17697	2977	158	3956	21562	3782	21391	0.0	15043
MN908947.3	JX993988.1	82.350	6697	1046	105	23075	29698	22819	29452	0.0	5694
MN908947.3	JX993988.1	78.318	1748	343	27	108	1836	1	1731	0.0	1096
MN908947.3	KJ473814.1	82.202	17569	2964	154	4096	21582	3955	21442	0.0	14970
MN908947.3	KJ473814.1	81.343	4931	827	70	23068	27952	22844	27727	0.0	3923
MN908947.3	KJ473814.1	90.114	1669	148	11	28221	29878	27996	29658	0.0	2152
MN908947.3	KJ473814.1	78.048	2100	428	28	63	2145	1	2084	0.0	1293
MN908947.3	DQ648857.1	82.164	17549	2967	150	4097	21562	4041	21509	0.0	14916
MN908947.3	DQ648857.1	82.538	6872	1074	96	23069	29875	22931	29741	0.0	5927
MN908947.3	DQ648857.1	79.407	1923	354	35	6	1908	6	1906	0.0	1319
MN908947.3	JX993987.1	82.002	17713	3018	153	3956	21582	3785	21413	0.0	14892
MN908947.3	JX993987.1	82.256	6712	1078	83	23084	29736	22827	29484	0.0	5692
MN908947.3	JX993987.1	77.321	2165	444	37	77	2217	1	2142	0.0	1234
MN908947.3	KF294457.1	81.890	17697	3025	159	3956	21562	3855	21461	0.0	14759
MN908947.3	KF294457.1	82.670	6855	1042	113	23084	29870	22900	29676	0.0	5943
MN908947.3	KF294457.1	84.966	3073	406	48	6	3060	6	3040	0.0	3064
MN908947.3	MK211374.1	82.016	17504	2982	148	4163	21582	4053	21474	0.0	14731
MN908947.3	MK211374.1	82.286	6825	1072	107	23084	29838	22891	29648	0.0	5779
MN908947.3	MK211374.1	79.403	1942	350	43	6	1923	3	1918	0.0	1325
MN908947.3	KJ473813.1	81.823	17671	3087	113	3956	21562	3634	21243	0.0	14722
MN908947.3	KJ473813.1	80.328	4880	855	76	23075	27904	22665	27489	0.0	3596
MN908947.3	KJ473813.1	88.589	1630	167	14	28263	29878	27837	29461	0.0	1962
MN908947.3	KJ473813.1	76.700	2000	430	32	236	2217	1	1982	0.0	1079
MN908947.3	KJ473812.1	81.791	17678	3080	122	3956	21562	3611	21220	0.0	14683
MN908947.3	KJ473812.1	80.287	4880	857	78	23075	27904	22648	27472	0.0	3585
MN908947.3	KJ473812.1	88.521	1629	168	14	28263	29877	27820	29443	0.0	1954
MN908947.3	KJ473812.1	76.465	1980	424	35	259	2217	1	1959	0.0	1037
MN908947.3	KJ473811.1	81.786	17684	3081	131	3956	21568	3634	21248	0.0	14683
MN908947.3	KJ473811.1	80.132	4852	863	79	23075	27878	22656	27454	0.0	3526
MN908947.3	KJ473811.1	87.588	1555	171	16	28263	29803	27491	29037	0.0	1783
MN908947.3	KJ473811.1	76.650	2000	431	32	236	2217	1	1982	0.0	1074
MN908947.3	GQ153542.1	81.821	17707	3022	173	3956	21562	3874	21483	0.0	14683
MN908947.3	GQ153542.1	82.620	6847	1078	83	23084	29870	22922	29716	0.0	5949
MN908947.3	GQ153542.1	77.638	2227	466	25	6	2217	4	2213	0.0	1325
MN908947.3	GQ153543.1	81.815	17707	3023	173	3956	21562	3874	21483	0.0	14678
MN908947.3	GQ153543.1	80.939	4984	849	73	23084	28021	22922	27850	0.0	3847
MN908947.3	GQ153543.1	89.501	1705	165	9	28177	29870	27980	29681	0.0	2145
MN908947.3	GQ153543.1	77.638	2227	466	25	6	2217	4	2213	0.0	1325
MN908947.3	KY770860.1	81.740	17683	3080	131	3956	21562	3819	21428	0.0	14628
MN908947.3	KY770860.1	80.320	4878	858	75	23075	27904	22856	27679	0.0	3596
MN908947.3	KY770860.1	88.257	1635	168	19	28263	29883	28027	29651	0.0	1934
MN908947.3	KY770860.1	77.362	2191	450	39	49	2217	1	2167	0.0	1256
MN908947.3	DQ648856.1	81.663	17680	3099	126	3956	21562	3867	21476	0.0	14556
MN908947.3	DQ648856.1	80.107	4881	864	76	23075	27904	22904	27728	0.0	3535
MN908947.3	DQ648856.1	88.739	1634	165	14	28263	29882	28076	29704	0.0	1980
MN908947.3	DQ648856.1	77.619	2234	454	41	6	2217	6	2215	0.0	1314
MN908947.3	DQ412042.1	81.664	17681	3097	127	3956	21562	3864	21473	0.0	14556
MN908947.3	DQ412042.1	80.082	4880	866	75	23075	27904	22901	27724	0.0	3530
MN908947.3	DQ412042.1	88.625	1644	166	16	28263	29891	28072	29709	0.0	1980
MN908947.3	DQ412042.1	77.723	2231	454	38	6	2217	6	2212	0.0	1327
MN908947.3	GQ153547.1	81.681	17703	3054	163	3956	21562	3862	21471	0.0	14550
MN908947.3	GQ153547.1	82.669	6849	1071	88	23084	29870	22910	29704	0.0	5965
MN908947.3	GQ153547.1	77.568	2229	464	28	6	2217	4	2213	0.0	1314
MN908947.3	KF294456.1	81.661	17673	3087	134	3956	21548	3839	21437	0.0	14539
MN908947.3	KF294456.1	77.606	2197	446	39	43	2217	9	2181	0.0	1290
MN908947.3	FJ211859.1	81.645	17701	3064	162	3956	21562	3885	21494	0.0	14517
MN908947.3	FJ211859.1	82.785	6872	1067	88	23084	29893	22933	29750	0.0	6030
MN908947.3	FJ211859.1	77.703	2229	461	28	6	2217	27	2236	0.0	1330
MN908947.3	DQ084199.1	81.638	17700	3067	161	3956	21562	3845	21454	0.0	14512
MN908947.3	DQ084199.1	82.698	6849	1069	89	23084	29870	22893	29687	0.0	5976
MN908947.3	DQ084199.1	77.698	2215	458	28	20	2217	1	2196	0.0	1321
MN908947.3	GQ153540.1	81.633	17700	3068	161	3956	21562	3862	21471	0.0	14506
MN908947.3	GQ153540.1	82.669	6849	1071	88	23084	29870	22910	29704	0.0	5965
MN908947.3	GQ153540.1	77.613	2229	463	28	6	2217	4	2213	0.0	1319
MN908947.3	GQ153539.1	81.633	17700	3068	161	3956	21562	3862	21471	0.0	14506
MN908947.3	GQ153539.1	82.669	6849	1071	89	23084	29870	22910	29704	0.0	5965
MN908947.3	GQ153539.1	77.658	2229	462	28	6	2217	4	2213	0.0	1325
MN908947.3	GQ153546.1	81.630	17697	3068	161	3959	21562	3856	21462	0.0	14501
MN908947.3	GQ153546.1	82.684	6849	1070	88	23084	29870	22901	29695	0.0	5971
MN908947.3	GQ153546.1	77.524	2229	465	28	6	2217	4	2213	0.0	1308
MN908947.3	DQ022305.2	81.627	17700	3069	161	3956	21562	3862	21471	0.0	14501
MN908947.3	DQ022305.2	82.788	6873	1067	88	23084	29894	22910	29728	0.0	6032
MN908947.3	DQ022305.2	77.703	2229	461	28	6	2217	4	2213	0.0	1330
MN908947.3	DQ084200.1	81.627	17700	3069	161	3956	21562	3845	21454	0.0	14501
MN908947.3	DQ084200.1	82.788	6873	1067	88	23084	29894	22893	29711	0.0	6032
MN908947.3	DQ084200.1	77.652	2215	459	28	20	2217	1	2196	0.0	1315
MN908947.3	GQ153548.1	81.625	17698	3067	162	3959	21562	3838	21444	0.0	14495
MN908947.3	GQ153548.1	82.640	6849	1073	88	23084	29870	22883	29677	0.0	5954
MN908947.3	GQ153548.1	77.613	2229	463	28	6	2217	4	2213	0.0	1319
MN908947.3	GQ153541.1	81.621	17700	3070	161	3956	21562	3862	21471	0.0	14495
MN908947.3	GQ153541.1	82.669	6849	1071	89	23084	29870	22910	29704	0.0	5965
MN908947.3	GQ153541.1	77.748	2229	460	28	6	2217	4	2213	0.0	1336
MN908947.3	GQ153545.1	81.613	17697	3071	161	3959	21562	3856	21462	0.0	14484
MN908947.3	GQ153545.1	82.654	6849	1072	88	23084	29870	22901	29695	0.0	5960
MN908947.3	GQ153545.1	77.568	2229	464	28	6	2217	4	2213	0.0	1314
MN908947.3	GQ153544.1	81.613	17697	3071	161	3959	21562	3856	21462	0.0	14484
MN908947.3	GQ153544.1	82.654	6849	1072	88	23084	29870	22901	29695	0.0	5960
MN908947.3	GQ153544.1	77.568	2229	464	28	6	2217	4	2213	0.0	1314
MN908947.3	KU182964.1	82.945	15051	2490	73	6556	21568	5888	20899	0.0	13501
MN908947.3	KU182964.1	80.194	4852	860	79	23075	27878	22307	27105	0.0	3542
MN908947.3	KU182964.1	88.029	1629	173	16	28263	29877	27141	28761	0.0	1908
MN908947.3	KU182964.1	77.713	2230	456	36	6	2217	6	2212	0.0	1327
MN908947.3	KY938558.1	82.884	15050	2501	71	6556	21568	5895	20906	0.0	13452
MN908947.3	KY938558.1	79.975	4854	867	82	23075	27878	22314	27112	0.0	3482
MN908947.3	KY938558.1	87.956	1644	174	18	28263	29891	27441	29075	0.0	1917
MN908947.3	KY938558.1	77.947	2231	449	38	6	2217	13	2219	0.0	1354


